# CFL3D results for NASA wall-mounted hump, 817 x 217 grid, no plenum, SST model
# Cp has been shifted by -0.015 to better match experimental reference upstream
#VARIABLES = "x","cp"
#zone, t="CFL3D"
x,cp
 -6.389999866E+00, 1.505606901E-02
 -6.193347454E+00, 1.100295316E-02
 -6.009354115E+00, 6.914074067E-03
 -5.836683750E+00, 6.055767182E-03
 -5.674179554E+00, 4.804069642E-03
 -5.520833969E+00, 3.957683686E-03
 -5.375766277E+00, 3.182823537E-03
 -5.238201618E+00, 2.515251515E-03
 -5.107457638E+00, 1.895363093E-03
 -4.982929230E+00, 1.311237575E-03
 -4.864077091E+00, 7.747957716E-04
 -4.750422001E+00, 2.502739662E-04
 -4.641533375E+00, -2.265631774E-04
 -4.537024498E+00, -6.914794212E-04
 -4.436547279E+00, -1.132553793E-03
 -4.339786053E+00, -1.561707235E-03
 -4.246456146E+00, -1.967018703E-03
 -4.156297684E+00, -2.348488430E-03
 -4.069073200E+00, -2.729958156E-03
 -3.984566927E+00, -3.087586025E-03
 -3.902580500E+00, -3.433292964E-03
 -3.822931528E+00, -3.767078975E-03
 -3.745452166E+00, -4.088944290E-03
 -3.669987679E+00, -4.410809372E-03
 -3.596394062E+00, -4.708832595E-03
 -3.524538517E+00, -5.006855819E-03
 -3.454297304E+00, -5.304879043E-03
 -3.385554552E+00, -5.579060409E-03
 -3.318202972E+00, -5.853241775E-03
 -3.252140760E+00, -6.127423141E-03
 -3.187273502E+00, -6.389683578E-03
 -3.123511314E+00, -6.651944015E-03
 -3.060770035E+00, -6.902283523E-03
 -2.998969555E+00, -7.152623031E-03
 -2.938034296E+00, -7.391041610E-03
 -2.877891541E+00, -7.629460189E-03
 -2.818472862E+00, -7.867878303E-03
 -2.759711981E+00, -8.106296882E-03
 -2.701545477E+00, -8.332794532E-03
 -2.643912792E+00, -8.559292182E-03
 -2.586754560E+00, -8.785789832E-03
 -2.530013800E+00, -9.000366554E-03
 -2.473634958E+00, -9.226864204E-03
 -2.417564154E+00, -9.441440925E-03
 -2.361747980E+00, -9.656017646E-03
 -2.306134462E+00, -9.870594367E-03
 -2.250672579E+00, -1.008517109E-02
 -2.195311069E+00, -1.029974781E-02
 -2.140000105E+00, -1.050240360E-02
 -2.084626913E+00, -1.071698032E-02
 -2.029022455E+00, -1.093155704E-02
 -1.973270178E+00, -1.113421284E-02
 -1.917454720E+00, -1.133686863E-02
 -1.861660838E+00, -1.153952442E-02
 -1.805973530E+00, -1.174218021E-02
 -1.750476718E+00, -1.193291508E-02
 -1.695253372E+00, -1.212364994E-02
 -1.640385032E+00, -1.230246387E-02
 -1.585950851E+00, -1.248127781E-02
 -1.532027364E+00, -1.264817081E-02
 -1.478688359E+00, -1.280314289E-02
 -1.426004291E+00, -1.294619404E-02
 -1.374041557E+00, -1.306540333E-02
 -1.322863102E+00, -1.317269169E-02
 -1.272527337E+00, -1.325613819E-02
 -1.223088264E+00, -1.330382191E-02
 -1.174595237E+00, -1.332766376E-02
 -1.127093196E+00, -1.329190098E-02
 -1.080622077E+00, -1.322037540E-02
 -1.035216928E+00, -1.307732426E-02
 -9.909083843E-01, -1.286274754E-02
 -9.477221370E-01, -1.256472431E-02
 -9.056792855E-01, -1.215941273E-02
 -8.647964001E-01, -1.164681278E-02
 -8.250858784E-01, -1.099116169E-02
 -7.865558267E-01, -1.016861759E-02
 -7.492104173E-01, -9.179180488E-03
 -7.130500674E-01, -7.999008521E-03
 -6.780717373E-01, -6.580418441E-03
 -6.442689896E-01, -4.935330246E-03
 -6.116324067E-01, -3.016060451E-03
 -5.801498890E-01, -8.106887108E-04
 -5.498065948E-01, 1.692707301E-03
 -5.205855370E-01, 4.517967347E-03
 -4.924676716E-01, 7.688934449E-03
 -4.654320478E-01, 1.120560896E-02
 -4.394561648E-01, 1.509183180E-02
 -4.145162106E-01, 1.934760064E-02
 -3.905871212E-01, 2.397292107E-02
 -3.676429093E-01, 2.899163216E-02
 -3.456568122E-01, 3.440373391E-02
 -3.246014714E-01, 4.019730538E-02
 -3.044490218E-01, 4.636042565E-02
 -2.851713896E-01, 5.290501565E-02
 -2.667402625E-01, 5.981915444E-02
 -2.491273433E-01, 6.707900017E-02
 -2.323043942E-01, 7.468455285E-02
 -2.162433565E-01, 8.262389153E-02
 -2.009164393E-01, 9.084933251E-02
 -1.862962097E-01, 9.937279671E-02
 -1.723556370E-01, 1.081585214E-01
 -1.590681821E-01, 1.171945930E-01
 -1.464078426E-01, 1.264333129E-01
 -1.343491822E-01, 1.358627677E-01
 -1.228673831E-01, 1.454471946E-01
 -1.119382828E-01, 1.551746726E-01
 -1.015383676E-01, 1.649855971E-01
 -9.164482355E-02, 1.748680472E-01
 -8.223553747E-02, 1.847743392E-01
 -7.328910381E-02, 1.946687102E-01
 -6.478483975E-02, 2.044915557E-01
 -5.670275167E-02, 2.142190337E-01
 -4.902358353E-02, 2.237200141E-01
 -4.172877595E-02, 2.329229712E-01
 -3.480046988E-02, 2.418278903E-01
 -2.822149359E-02, 2.501725554E-01
 -2.197535709E-02, 2.582072616E-01
 -1.604623348E-02, 2.646326423E-01
 -1.041894220E-02, 2.721547484E-01
 -5.078937393E-03, 2.658843398E-01
 -1.229149075E-05, 2.838134170E-01
 4.971283488E-03, 2.971171737E-01
 9.981548414E-03, 2.891539931E-01
 1.499574352E-02, 2.964496017E-01
 1.999812201E-02, 2.971529365E-01
 2.497619577E-02, 2.985357642E-01
 2.992111072E-02, 2.978681922E-01
 3.482796997E-02, 2.956985831E-01
 3.969550505E-02, 2.914428115E-01
 4.452570900E-02, 2.846121192E-01
 4.932503402E-02, 2.747654319E-01
 5.410103127E-02, 2.619385123E-01
 5.886176601E-02, 2.456425875E-01
 6.361807138E-02, 2.248882651E-01
 6.838410348E-02, 2.001642585E-01
 7.316932827E-02, 1.718520522E-01
 7.798470557E-02, 1.385449767E-01
 8.284387738E-02, 1.018642709E-01
 8.775380999E-02, 6.211989373E-02
 9.272717685E-02, 1.717799157E-02
 9.777998924E-02, -2.818114124E-02
 1.029170230E-01, -7.451779395E-02
 1.081494316E-01, -1.173258498E-01
 1.134674847E-01, -1.528978944E-01
 1.188622937E-01, -1.852274537E-01
 1.243234724E-01, -2.147436738E-01
 1.298440844E-01, -2.426624894E-01
 1.354170293E-01, -2.698660493E-01
 1.410381049E-01, -2.950788140E-01
 1.466986984E-01, -3.202081323E-01
 1.523962468E-01, -3.463864923E-01
 1.581261456E-01, -3.733873963E-01
 1.638893634E-01, -4.038334489E-01
 1.696886420E-01, -4.322052598E-01
 1.755220145E-01, -4.589439034E-01
 1.813897640E-01, -4.827380776E-01
 1.872870624E-01, -5.026937127E-01
 1.932105720E-01, -5.213976502E-01
 1.991565675E-01, -5.380511880E-01
 2.051216960E-01, -5.533934236E-01
 2.111027539E-01, -5.674720407E-01
 2.170968503E-01, -5.800486207E-01
 2.231006473E-01, -5.913377404E-01
 2.291112393E-01, -6.016374230E-01
 2.351255268E-01, -6.107092500E-01
 2.411404699E-01, -6.194115281E-01
 2.471534908E-01, -6.273866296E-01
 2.531616986E-01, -6.350637078E-01
 2.591629028E-01, -6.424189210E-01
 2.651544809E-01, -6.494522691E-01
 2.711344063E-01, -6.561637521E-01
 2.771002352E-01, -6.626129746E-01
 2.830500305E-01, -6.687284112E-01
 2.889814079E-01, -6.746650338E-01
 2.948926091E-01, -6.803751588E-01
 3.007812798E-01, -6.858826280E-01
 3.066457212E-01, -6.915927529E-01
 3.124839067E-01, -6.970406175E-01
 3.182940781E-01, -7.028341889E-01
 3.240746260E-01, -7.086039186E-01
 3.298239112E-01, -7.143498063E-01
 3.355403543E-01, -7.200241685E-01
 3.412224948E-01, -7.255912423E-01
 3.468688130E-01, -7.308960557E-01
 3.524778187E-01, -7.361293435E-01
 3.580481410E-01, -7.411480546E-01
 3.635783792E-01, -7.460117936E-01
 3.690672517E-01, -7.507444024E-01
 3.745134473E-01, -7.552505136E-01
 3.799158037E-01, -7.596731782E-01
 3.852730691E-01, -7.638335824E-01
 3.905842006E-01, -7.679224610E-01
 3.958480954E-01, -7.716417909E-01
 4.010636806E-01, -7.753372788E-01
 4.062300324E-01, -7.788181901E-01
 4.113461971E-01, -7.821798921E-01
 4.164113402E-01, -7.854104638E-01
 4.214245677E-01, -7.884145379E-01
 4.263851941E-01, -7.914186120E-01
 4.312924743E-01, -7.942081094E-01
 4.361457527E-01, -7.968903184E-01
 4.409444034E-01, -7.991910577E-01
 4.456878304E-01, -8.015633225E-01
 4.503755569E-01, -8.035302758E-01
 4.550070465E-01, -8.054733872E-01
 4.595818818E-01, -8.075595498E-01
 4.640997350E-01, -8.094430566E-01
 4.685602486E-01, -8.109808564E-01
 4.729631245E-01, -8.124113679E-01
 4.773081839E-01, -8.133650422E-01
 4.815950990E-01, -8.138895631E-01
 4.858237505E-01, -8.145332932E-01
 4.899940193E-01, -8.147717118E-01
 4.941057563E-01, -8.152008653E-01
 4.981589615E-01, -8.154988885E-01
 5.021536350E-01, -8.157849908E-01
 5.060898066E-01, -8.159638047E-01
 5.099675655E-01, -8.160353303E-01
 5.137869120E-01, -8.158803582E-01
 5.175480843E-01, -8.156180978E-01
 5.212512016E-01, -8.150220513E-01
 5.248964429E-01, -8.143544793E-01
 5.284840465E-01, -8.135200143E-01
 5.320143104E-01, -8.125544190E-01
 5.354874730E-01, -8.117557168E-01
 5.389038324E-01, -8.107782006E-01
 5.422637463E-01, -8.098364472E-01
 5.455675125E-01, -8.087516427E-01
 5.488154888E-01, -8.072376847E-01
 5.520081520E-01, -8.056045175E-01
 5.551458001E-01, -8.035660386E-01
 5.582290292E-01, -8.014202714E-01
 5.612582564E-01, -7.993817925E-01
 5.642338991E-01, -7.972002625E-01
 5.671564937E-01, -7.953167558E-01
 5.700265169E-01, -7.931352258E-01
 5.728443861E-01, -7.909894586E-01
 5.756106973E-01, -7.882953286E-01
 5.783259273E-01, -7.853627801E-01
 5.809906125E-01, -7.819653153E-01
 5.836054087E-01, -7.782459855E-01
 5.861707926E-01, -7.744432092E-01
 5.886874199E-01, -7.702232003E-01
 5.911558867E-01, -7.661581635E-01
 5.935767889E-01, -7.617116570E-01
 5.959507227E-01, -7.571459413E-01
 5.982782841E-01, -7.525683045E-01
 6.005600691E-01, -7.476330400E-01
 6.027967930E-01, -7.426858544E-01
 6.049889922E-01, -7.376075387E-01
 6.071373224E-01, -7.322311997E-01
 6.092423797E-01, -7.267952561E-01
 6.113048196E-01, -7.212877870E-01
 6.133252978E-01, -7.155180573E-01
 6.153044105E-01, -7.096171975E-01
 6.172427535E-01, -7.036924958E-01
 6.191409230E-01, -6.976009011E-01
 6.209995151E-01, -6.912828088E-01
 6.228191257E-01, -6.846070886E-01
 6.246002316E-01, -6.775260568E-01
 6.263435483E-01, -6.701231599E-01
 6.280496120E-01, -6.623864770E-01
 6.297190189E-01, -6.541967988E-01
 6.313524246E-01, -6.455302835E-01
 6.329504848E-01, -6.366253495E-01
 6.345138550E-01, -6.275773644E-01
 6.360431314E-01, -6.182790399E-01
 6.375389695E-01, -6.088257432E-01
 6.390020847E-01, -5.991817117E-01
 6.404330730E-01, -5.896330476E-01
 6.418324709E-01, -5.798698068E-01
 6.432008147E-01, -5.702615380E-01
 6.445382237E-01, -5.607724786E-01
 6.458451152E-01, -5.507946610E-01
 6.471215487E-01, -5.402565598E-01
 6.483679414E-01, -5.292535424E-01
 6.495844126E-01, -5.179882646E-01
 6.507712603E-01, -5.060911775E-01
 6.519286633E-01, -4.950166345E-01
 6.530569196E-01, -4.800677896E-01
 6.541569829E-01, -4.734159112E-01
 6.552426219E-01, -4.652858377E-01
 6.563252211E-01, -4.513979554E-01
 6.574048400E-01, -4.404783845E-01
 6.584813595E-01, -4.353523850E-01
 6.595475674E-01, -4.319906831E-01
 6.606068015E-01, -4.239082932E-01
 6.616584063E-01, -4.199505448E-01
 6.627017856E-01, -4.158497453E-01
 6.637362242E-01, -4.126906991E-01
 6.647611856E-01, -4.100084901E-01
 6.657756567E-01, -4.080176950E-01
 6.667792201E-01, -4.063130021E-01
 6.677718759E-01, -4.049659371E-01
 6.687542796E-01, -4.037976861E-01
 6.697271466E-01, -4.029751420E-01
 6.706909537E-01, -4.023552537E-01
 6.716465354E-01, -4.018903375E-01
 6.725944877E-01, -4.015803933E-01
 6.735351682E-01, -4.014015794E-01
 6.744686961E-01, -4.012585282E-01
 6.753956079E-01, -4.011631608E-01
 6.763161421E-01, -4.010797143E-01
 6.772308946E-01, -4.010439515E-01
 6.781398654E-01, -4.010320306E-01
 6.790437698E-01, -4.009962678E-01
 6.799428463E-01, -4.010081887E-01
 6.808373332E-01, -4.010201097E-01
 6.817275882E-01, -4.010201097E-01
 6.826142073E-01, -4.010320306E-01
 6.834974885E-01, -4.010439515E-01
 6.843776703E-01, -4.010439515E-01
 6.852552295E-01, -4.010558724E-01
 6.861305237E-01, -4.010558724E-01
 6.870038509E-01, -4.010677934E-01
 6.878758669E-01, -4.010797143E-01
 6.887465715E-01, -4.010916352E-01
 6.896161437E-01, -4.011035562E-01
 6.904847026E-01, -4.011154771E-01
 6.913521886E-01, -4.011273980E-01
 6.922190189E-01, -4.011393189E-01
 6.930850744E-01, -4.011512399E-01
 6.939505935E-01, -4.011631608E-01
 6.948158145E-01, -4.011750817E-01
 6.956813335E-01, -4.011989236E-01
 6.965474486E-01, -4.012227654E-01
 6.974145770E-01, -4.012585282E-01
 6.982832551E-01, -4.012942910E-01
 6.991535425E-01, -4.013300538E-01
 7.000254989E-01, -4.013777375E-01
 7.008991838E-01, -4.014135003E-01
 7.017741203E-01, -4.014611840E-01
 7.026505470E-01, -4.015207887E-01
 7.035278678E-01, -4.015565515E-01
 7.044059038E-01, -4.016042352E-01
 7.052846551E-01, -4.016638398E-01
 7.061639428E-01, -4.017115235E-01
 7.070435286E-01, -4.017592072E-01
 7.079234719E-01, -4.018068910E-01
 7.088037133E-01, -4.018426538E-01
 7.096842527E-01, -4.018903375E-01
 7.105658054E-01, -4.019499421E-01
 7.114484310E-01, -4.020095468E-01
 7.123321295E-01, -4.020691514E-01
 7.132170200E-01, -4.021168351E-01
 7.141031027E-01, -4.021645188E-01
 7.149909735E-01, -4.022360444E-01
 7.158810496E-01, -4.023194909E-01
 7.167731524E-01, -4.023790956E-01
 7.176673412E-01, -4.024387002E-01
 7.185637951E-01, -4.025102258E-01
 7.194626927E-01, -4.025936723E-01
 7.203642726E-01, -4.026771188E-01
 7.212685943E-01, -4.027724862E-01
 7.221754789E-01, -4.028559327E-01
 7.230848074E-01, -4.029393792E-01
 7.239966393E-01, -4.030347466E-01
 7.249109745E-01, -4.031301141E-01
 7.258276343E-01, -4.032135606E-01
 7.267465591E-01, -4.033089280E-01
 7.276678085E-01, -4.034042954E-01
 7.285913825E-01, -4.035115838E-01
 7.295172215E-01, -4.036069512E-01
 7.304453850E-01, -4.037142396E-01
 7.313758135E-01, -4.038096070E-01
 7.323082685E-01, -4.039049745E-01
 7.332428694E-01, -4.039884210E-01
 7.341796756E-01, -4.040718675E-01
 7.351190448E-01, -4.041910768E-01
 7.360612154E-01, -4.043102860E-01
 7.370058894E-01, -4.044056535E-01
 7.379530072E-01, -4.045010209E-01
 7.389026284E-01, -4.045963883E-01
 7.398548722E-01, -4.047036767E-01
 7.408100367E-01, -4.048228860E-01
 7.417680621E-01, -4.049301744E-01
 7.427288294E-01, -4.050374627E-01
 7.436922789E-01, -4.051447511E-01
 7.446584702E-01, -4.052520394E-01
 7.456274629E-01, -4.053712487E-01
 7.465993166E-01, -4.054904580E-01
 7.475739717E-01, -4.055977464E-01
 7.485512495E-01, -4.056931138E-01
 7.495313883E-01, -4.058123231E-01
 7.505143881E-01, -4.059434533E-01
 7.515002489E-01, -4.060507417E-01
 7.524887919E-01, -4.061699510E-01
 7.534800768E-01, -4.062772393E-01
 7.544740438E-01, -4.063845277E-01
 7.554708719E-01, -4.065156579E-01
 7.564706206E-01, -4.066467881E-01
 7.574731112E-01, -4.067659974E-01
 7.584781647E-01, -4.068613648E-01
 7.594859004E-01, -4.069805741E-01
 7.604963779E-01, -4.070997834E-01
 7.615096569E-01, -4.072309136E-01
 7.625257373E-01, -4.073501229E-01
 7.635446191E-01, -4.074812531E-01
 7.645660639E-01, -4.076004624E-01
 7.655901313E-01, -4.077196717E-01
 7.666167617E-01, -4.078388810E-01
 7.676460147E-01, -4.079580903E-01
 7.686778903E-01, -4.080772996E-01
 7.697122693E-01, -4.081965089E-01
 7.707492709E-01, -4.083157182E-01
 7.717889547E-01, -4.084587693E-01
 7.728313208E-01, -4.085898995E-01
 7.738761902E-01, -4.087210298E-01
 7.749235034E-01, -4.088402390E-01
 7.759732604E-01, -4.089713693E-01
 7.770254016E-01, -4.091024995E-01
 7.780798674E-01, -4.092336297E-01
 7.791367173E-01, -4.093647599E-01
 7.801958919E-01, -4.094958901E-01
 7.812573314E-01, -4.096389413E-01
 7.823210359E-01, -4.097700715E-01
 7.833869457E-01, -4.099012017E-01
 7.844550610E-01, -4.100442529E-01
 7.855252028E-01, -4.101753831E-01
 7.865974307E-01, -4.103184342E-01
 7.876716256E-01, -4.104376435E-01
 7.887478471E-01, -4.105806947E-01
 7.898259759E-01, -4.107118249E-01
 7.909059525E-01, -4.108429551E-01
 7.919877768E-01, -4.109740853E-01
 7.930713296E-01, -4.110932946E-01
 7.941566110E-01, -4.112125039E-01
 7.952436805E-01, -4.113436341E-01
 7.963325381E-01, -4.114747643E-01
 7.974230647E-01, -4.116058946E-01
 7.985152602E-01, -4.117251039E-01
 7.996091247E-01, -4.118562341E-01
 8.007046580E-01, -4.119873643E-01
 8.018017411E-01, -4.120946527E-01
 8.029003739E-01, -4.122377038E-01
 8.040005565E-01, -4.123569131E-01
 8.051022291E-01, -4.124880433E-01
 8.062053919E-01, -4.126191735E-01
 8.073099256E-01, -4.127145410E-01
 8.084158301E-01, -4.128456712E-01
 8.095231652E-01, -4.129887223E-01
 8.106318712E-01, -4.131079316E-01
 8.117417693E-01, -4.132390618E-01
 8.128529191E-01, -4.133463502E-01
 8.139652610E-01, -4.134536386E-01
 8.150786757E-01, -4.135609269E-01
 8.161932230E-01, -4.136443734E-01
 8.173089027E-01, -4.137397408E-01
 8.184257746E-01, -4.138589501E-01
 8.195437193E-01, -4.139662385E-01
 8.206627965E-01, -4.140735269E-01
 8.217829466E-01, -4.141688943E-01
 8.229040504E-01, -4.142523408E-01
 8.240262270E-01, -4.143477082E-01
 8.251494169E-01, -4.144311547E-01
 8.262735605E-01, -4.145146012E-01
 8.273986578E-01, -4.146218896E-01
 8.285248280E-01, -4.147172570E-01
 8.296518326E-01, -4.148126245E-01
 8.307797909E-01, -4.148841500E-01
 8.319085240E-01, -4.149318337E-01
 8.330380917E-01, -4.150152802E-01
 8.341686130E-01, -4.151225686E-01
 8.352999687E-01, -4.151940942E-01
 8.364321589E-01, -4.152894616E-01
 8.375651240E-01, -4.153371453E-01
 8.386987448E-01, -4.153729081E-01
 8.398330808E-01, -4.154444337E-01
 8.409682512E-01, -4.155278802E-01
 8.421040773E-01, -4.155755639E-01
 8.432406187E-01, -4.156232476E-01
 8.443777561E-01, -4.156470895E-01
 8.455155492E-01, -4.156590104E-01
 8.466539979E-01, -4.157066941E-01
 8.477931023E-01, -4.157424569E-01
 8.489328027E-01, -4.157662988E-01
 8.500731587E-01, -4.157901406E-01
 8.512141109E-01, -4.157662988E-01
 8.523555994E-01, -4.157782197E-01
 8.534977436E-01, -4.157901406E-01
 8.546404839E-01, -4.157901406E-01
 8.557838202E-01, -4.157901406E-01
 8.569277525E-01, -4.157901406E-01
 8.580722213E-01, -4.157543778E-01
 8.592172265E-01, -4.157424569E-01
 8.603628278E-01, -4.157305360E-01
 8.615089655E-01, -4.156828523E-01
 8.626556993E-01, -4.156709313E-01
 8.638029099E-01, -4.156470895E-01
 8.649507165E-01, -4.155994058E-01
 8.660990000E-01, -4.155636430E-01
 8.672478199E-01, -4.155159593E-01
 8.683971763E-01, -4.154325128E-01
 8.695469499E-01, -4.153967500E-01
 8.706973195E-01, -4.153490663E-01
 8.718481660E-01, -4.152656198E-01
 8.729994893E-01, -4.152060151E-01
 8.741512895E-01, -4.151225686E-01
 8.753035665E-01, -4.150152802E-01
 8.764562607E-01, -4.149318337E-01
 8.776094317E-01, -4.148364663E-01
 8.787630796E-01, -4.147053361E-01
 8.799171448E-01, -4.145980477E-01
 8.810716867E-01, -4.144788384E-01
 8.822267056E-01, -4.143357873E-01
 8.833821416E-01, -4.142046571E-01
 8.845380545E-01, -4.140616059E-01
 8.856943846E-01, -4.138947129E-01
 8.868511319E-01, -4.137278199E-01
 8.880083561E-01, -4.135609269E-01
 8.891659975E-01, -4.133821130E-01
 8.903241158E-01, -4.131913781E-01
 8.914826512E-01, -4.130006433E-01
 8.926417232E-01, -4.128218293E-01
 8.938012123E-01, -4.126072526E-01
 8.949611187E-01, -4.124045968E-01
 8.961215615E-01, -4.121900201E-01
 8.972824216E-01, -4.119754434E-01
 8.984437585E-01, -4.117489457E-01
 8.996055722E-01, -4.115224481E-01
 9.007678628E-01, -4.112840295E-01
 9.019306302E-01, -4.110575318E-01
 9.030938148E-01, -4.108071923E-01
 9.042574763E-01, -4.105330110E-01
 9.054215550E-01, -4.102707505E-01
 9.065861702E-01, -4.099846482E-01
 9.077511430E-01, -4.096747041E-01
 9.089166522E-01, -4.093886018E-01
 9.100825787E-01, -4.091024995E-01
 9.112490416E-01, -4.087567925E-01
 9.124159217E-01, -4.084587693E-01
 9.135833383E-01, -4.081607461E-01
 9.147512317E-01, -4.077911973E-01
 9.159196019E-01, -4.074693322E-01
 9.170885086E-01, -4.071474671E-01
 9.182578921E-01, -4.067779183E-01
 9.194278121E-01, -4.064560533E-01
 9.205982685E-01, -4.061341882E-01
 9.217692018E-01, -4.057646394E-01
 9.229406714E-01, -4.054427743E-01
 9.241126776E-01, -4.050970674E-01
 9.252851605E-01, -4.047036767E-01
 9.264581203E-01, -4.043698907E-01
 9.276316762E-01, -4.040003419E-01
 9.288057089E-01, -4.036307931E-01
 9.299802780E-01, -4.033089280E-01
 9.311553836E-01, -4.029513001E-01
 9.323310256E-01, -4.025698304E-01
 9.335071445E-01, -4.022360444E-01
 9.346837401E-01, -4.018664956E-01
 9.358608723E-01, -4.014731050E-01
 9.370385408E-01, -4.011393189E-01
 9.382166862E-01, -4.007697701E-01
 9.393953085E-01, -4.004359841E-01
 9.405744672E-01, -4.001141191E-01
 9.417541027E-01, -3.997564912E-01
 9.429341555E-01, -3.993988633E-01
 9.441146851E-01, -3.990412354E-01
 9.452956915E-01, -3.986836076E-01
 9.464771748E-01, -3.983498216E-01
 9.476590753E-01, -3.980160356E-01
 9.488413930E-01, -3.976703286E-01
 9.500241876E-01, -3.973246217E-01
 9.512073994E-01, -3.969789147E-01
 9.523909688E-01, -3.966332078E-01
 9.535750151E-01, -3.962755799E-01
 9.547594190E-01, -3.959179521E-01
 9.559441805E-01, -3.955841660E-01
 9.571293592E-01, -3.952623010E-01
 9.583149552E-01, -3.949165940E-01
 9.595009089E-01, -3.945828080E-01
 9.606871605E-01, -3.942490220E-01
 9.618738294E-01, -3.938556314E-01
 9.630608559E-01, -3.935099244E-01
 9.642482400E-01, -3.931642175E-01
 9.654359818E-01, -3.926754594E-01
 9.666240215E-01, -3.922343850E-01
 9.678124189E-01, -3.917813897E-01
 9.690011740E-01, -3.912091851E-01
 9.701902866E-01, -3.906250596E-01
 9.713796973E-01, -3.900409341E-01
 9.725694656E-01, -3.894091249E-01
 9.737595916E-01, -3.887415528E-01
 9.749500751E-01, -3.880859017E-01
 9.761409163E-01, -3.874183297E-01
 9.773320556E-01, -3.867030740E-01
 9.785236120E-01, -3.860116601E-01
 9.797154665E-01, -3.853202462E-01
 9.809077382E-01, -3.845811486E-01
 9.821003079E-01, -3.838420510E-01
 9.832932353E-01, -3.831148744E-01
 9.844865799E-01, -3.822923303E-01
 9.856802225E-01, -3.814697862E-01
 9.868742228E-01, -3.806591630E-01
 9.880685806E-01, -3.797174096E-01
 9.892632961E-01, -3.787160516E-01
 9.904583693E-01, -3.778100610E-01
 9.916538000E-01, -3.767371774E-01
 9.928495884E-01, -3.756285310E-01
 9.940457344E-01, -3.747344613E-01
 9.952422976E-01, -3.736973405E-01
 9.964392185E-01, -3.727555871E-01
 9.976365566E-01, -3.720164895E-01
 9.988342524E-01, -3.712297082E-01
 1.000032425E+00, -3.707171082E-01
 1.001231074E+00, -3.700852990E-01
 1.002430201E+00, -3.691077828E-01
 1.003630638E+00, -3.682494760E-01
 1.004832864E+00, -3.673554063E-01
 1.006037354E+00, -3.664613366E-01
 1.007244945E+00, -3.655315042E-01
 1.008455992E+00, -3.645778298E-01
 1.009671211E+00, -3.636122346E-01
 1.010891318E+00, -3.626108766E-01
 1.012116671E+00, -3.615975976E-01
 1.013347983E+00, -3.605723977E-01
 1.014585972E+00, -3.595114350E-01
 1.015830994E+00, -3.584504724E-01
 1.017084002E+00, -3.573537469E-01
 1.018345356E+00, -3.562451005E-01
 1.019615650E+00, -3.551245332E-01
 1.020895720E+00, -3.539801240E-01
 1.022186160E+00, -3.528118730E-01
 1.023487449E+00, -3.516197801E-01
 1.024800420E+00, -3.504157662E-01
 1.026125550E+00, -3.491759896E-01
 1.027463555E+00, -3.479242921E-01
 1.028815150E+00, -3.466487527E-01
 1.030180931E+00, -3.453493714E-01
 1.031561613E+00, -3.440261483E-01
 1.032957911E+00, -3.426790833E-01
 1.034370422E+00, -3.413081765E-01
 1.035799980E+00, -3.399015069E-01
 1.037247181E+00, -3.384709954E-01
 1.038712740E+00, -3.370166421E-01
 1.040197372E+00, -3.355265260E-01
 1.041701913E+00, -3.340125680E-01
 1.043226957E+00, -3.324628472E-01
 1.044773459E+00, -3.308773637E-01
 1.046342015E+00, -3.292680383E-01
 1.047933340E+00, -3.276229501E-01
 1.049548507E+00, -3.259420991E-01
 1.051187992E+00, -3.242254853E-01
 1.052852869E+00, -3.224731088E-01
 1.054543734E+00, -3.206730485E-01
 1.056261659E+00, -3.188491464E-01
 1.058007240E+00, -3.169775605E-01
 1.059781551E+00, -3.150702119E-01
 1.061585307E+00, -3.131271005E-01
 1.063419461E+00, -3.111363053E-01
 1.065285087E+00, -3.090978265E-01
 1.067182779E+00, -3.070235848E-01
 1.069113731E+00, -3.049016595E-01
 1.071078777E+00, -3.027320504E-01
 1.073078871E+00, -3.005147576E-01
 1.075115204E+00, -2.982497811E-01
 1.077188492E+00, -2.959371209E-01
 1.079299927E+00, -2.935767770E-01
 1.081450582E+00, -2.911687493E-01
 1.083641410E+00, -2.887011170E-01
 1.085873604E+00, -2.861858010E-01
 1.088148117E+00, -2.836108804E-01
 1.090466142E+00, -2.809882760E-01
 1.092828989E+00, -2.783060670E-01
 1.095237613E+00, -2.755761743E-01
 1.097693205E+00, -2.727866769E-01
 1.100197077E+00, -2.699494958E-01
 1.102750421E+00, -2.670527101E-01
 1.105354548E+00, -2.640963197E-01
 1.108010769E+00, -2.610922456E-01
 1.110720277E+00, -2.580285668E-01
 1.113484383E+00, -2.549052835E-01
 1.116304636E+00, -2.517343163E-01
 1.119182348E+00, -2.485037446E-01
 1.122118950E+00, -2.452135682E-01
 1.125115752E+00, -2.418757081E-01
 1.128174424E+00, -2.384782434E-01
 1.131296396E+00, -2.350330949E-01
 1.134483218E+00, -2.315283418E-01
 1.137736440E+00, -2.279759049E-01
 1.141057611E+00, -2.243757844E-01
 1.144448638E+00, -2.207399011E-01
 1.147910833E+00, -2.170324922E-01
 1.151446223E+00, -2.132893205E-01
 1.155056357E+00, -2.094984651E-01
 1.158743143E+00, -2.056718469E-01
 1.162508249E+00, -2.017975450E-01
 1.166353703E+00, -1.978874803E-01
 1.170281291E+00, -1.939416528E-01
 1.174292922E+00, -1.899719834E-01
 1.178390741E+00, -1.859665513E-01
 1.182576537E+00, -1.819491982E-01
 1.186852694E+00, -1.778960824E-01
 1.191220999E+00, -1.738310456E-01
 1.195683837E+00, -1.697660089E-01
 1.200243354E+00, -1.656771302E-01
 1.204901814E+00, -1.615882516E-01
 1.209661365E+00, -1.574993730E-01
 1.214524508E+00, -1.534224153E-01
 1.219493747E+00, -1.493573785E-01
 1.224571228E+00, -1.453042626E-01
 1.229759812E+00, -1.412749887E-01
 1.235061765E+00, -1.372814775E-01
 1.240479827E+00, -1.333118081E-01
 1.246016741E+00, -1.293779016E-01
 1.251675129E+00, -1.255035996E-01
 1.257457852E+00, -1.216650680E-01
 1.263367772E+00, -1.178980544E-01
 1.269407868E+00, -1.141906455E-01
 1.275580883E+00, -1.105547622E-01
 1.281890154E+00, -1.069904044E-01
 1.288338661E+00, -1.035094932E-01
 1.294929504E+00, -1.001239493E-01
 1.301666141E+00, -9.682185203E-02
 1.308551788E+00, -9.362704307E-02
 1.315589786E+00, -9.052760154E-02
 1.322783709E+00, -8.754736930E-02
 1.330137134E+00, -8.467442542E-02
 1.337653637E+00, -8.192069083E-02
 1.345336914E+00, -7.928616554E-02
 1.353190780E+00, -7.678277045E-02
 1.361219049E+00, -7.439858466E-02
 1.369425893E+00, -7.214552909E-02
 1.377815127E+00, -7.003552467E-02
 1.386391044E+00, -6.804472953E-02
 1.395157814E+00, -6.619698554E-02
 1.404119730E+00, -6.448037177E-02
 1.413281441E+00, -6.290680915E-02
 1.422647238E+00, -6.145245582E-02
 1.432221770E+00, -6.014115363E-02
 1.442009807E+00, -5.896098167E-02
 1.452016234E+00, -5.790001899E-02
 1.462246060E+00, -5.697018653E-02
 1.472704172E+00, -5.615956336E-02
 1.483395696E+00, -5.546814948E-02
 1.494326115E+00, -5.488402396E-02
 1.505500793E+00, -5.441910774E-02
 1.516925097E+00, -5.404955894E-02
 1.528604746E+00, -5.378729850E-02
 1.540545583E+00, -5.360848457E-02
 1.552753448E+00, -5.352503806E-02
 1.565234303E+00, -5.351311713E-02
 1.577994466E+00, -5.358464271E-02
 1.591040254E+00, -5.371577293E-02
 1.604377866E+00, -5.390650779E-02
 1.618014097E+00, -5.416876823E-02
 1.631955624E+00, -5.446679145E-02
 1.646209359E+00, -5.481249839E-02
 1.660782337E+00, -5.519396812E-02
 1.675681710E+00, -5.561120063E-02
 1.690914989E+00, -5.605227500E-02
 1.706489444E+00, -5.650527030E-02
 1.722413063E+00, -5.699402839E-02
 1.738693476E+00, -5.748278648E-02
 1.755338788E+00, -5.797154456E-02
 1.772357345E+00, -5.847222358E-02
 1.789757371E+00, -5.897290260E-02
 1.807547569E+00, -5.946166068E-02
 1.825736761E+00, -5.995041877E-02
 1.844333768E+00, -6.042725593E-02
 1.863348007E+00, -6.089217216E-02
 1.882788658E+00, -6.133324653E-02
 1.902665496E+00, -6.177432090E-02
 1.922988296E+00, -6.217963248E-02
 1.943766952E+00, -6.258494407E-02
 1.965011954E+00, -6.295449287E-02
 1.986733675E+00, -6.332404166E-02
 2.008942842E+00, -6.365782768E-02
 2.031650543E+00, -6.397969276E-02
 2.054867744E+00, -6.427771598E-02
 2.078606129E+00, -6.455189735E-02
 2.102877378E+00, -6.481415778E-02
 2.127693415E+00, -6.506449729E-02
 2.153066635E+00, -6.529099494E-02
 2.179009438E+00, -6.549365073E-02
 2.205534697E+00, -6.569630653E-02
 2.232655764E+00, -6.587512046E-02
 2.260385513E+00, -6.603009254E-02
 2.288738012E+00, -6.618506461E-02
 2.317727089E+00, -6.632811576E-02
 2.347367287E+00, -6.644732505E-02
 2.377673149E+00, -6.656653434E-02
 2.408659458E+00, -6.667382270E-02
 2.440341711E+00, -6.676919013E-02
 2.472735643E+00, -6.686455756E-02
 2.505856991E+00, -6.694800407E-02
 2.539722443E+00, -6.701952964E-02
 2.574348450E+00, -6.709105521E-02
 2.609752178E+00, -6.716258079E-02
 2.645951271E+00, -6.722218543E-02
 2.682963610E+00, -6.726986915E-02
 2.720807314E+00, -6.732947379E-02
 2.759500980E+00, -6.737715751E-02
 2.799063921E+00, -6.742484123E-02
 2.839515686E+00, -6.746060401E-02
 2.880876303E+00, -6.750828773E-02
 2.923166037E+00, -6.755597144E-02
 2.966406107E+00, -6.759173423E-02
 3.010617256E+00, -6.762749702E-02
 3.055821896E+00, -6.767518073E-02
 3.102042198E+00, -6.771094352E-02
 3.149301052E+00, -6.775862724E-02
 3.197621584E+00, -6.779439002E-02
 3.247027874E+00, -6.784207374E-02
 3.297544241E+00, -6.788975745E-02
 3.349195719E+00, -6.793744117E-02
 3.402007580E+00, -6.798512489E-02
 3.456006289E+00, -6.804472953E-02
 3.511218309E+00, -6.809241325E-02
 3.567670822E+00, -6.815201789E-02
 3.625391960E+00, -6.822354347E-02
 3.684410095E+00, -6.829506904E-02
 3.744754553E+00, -6.833083183E-02
 3.806454897E+00, -6.829506904E-02
 3.869541645E+00, -6.802088767E-02
 3.934046030E+00, -6.786591560E-02
 4.000000000E+00, -6.793744117E-02